4294967279,223
4294967279,221
4294967278,245
4294967279,219
4294967279,217
4294967278,243
4294967278,241
4294967278,239
32,203
34,492
32,202
32,201
4294967279,215
32,200
32,199
4294967279,319
4294967278,235
4294967278,233
4294967279,318
34,491
34,490
33,2529
33,2528
33,2527
33,2526
33,2525
33,2524
34,489
34,488
33,2523
33,2522
33,2521
33,2520
33,2519
33,2518
34,487
34,486
33,2517
33,2516
33,2515
34,485
34,484
33,19
33,2514
33,2513
33,2512
33,2511
34,483
34,482
34,481
34,480
33,2510
33,2509
33,2508
33,2507
33,2506
33,2505
33,2504
34,479
34,478
33,2503
33,2502
33,2501
33,2500
34,477
34,476
4294967278,231
4294967278,229
4294967278,227
4294967278,225
4294967279,317
33,2499
33,2498
33,2020
34,475
34,474
34,473
34,472
33,2019
33,2018
33,2495
33,2497
32,320
4294967278,223
4294967278,221
4294967278,219
33,2494
4294967279,316
32,138
32,135
32,134
32,133
34,471
32,132
32,131
32,130
32,129
32,128
32,112
32,111
32,106
32,105
32,104
32,103
32,102
32,101
32,100
32,99
32,98
32,97
32,96
32,95
32,94
32,91
32,80
32,79
32,78
32,77
32,76
32,75
32,73
32,72
32,70
32,69
32,68
32,66
32,65
32,64
32,319
32,318
32,317
32,316
32,315
32,314
32,313
32,309
32,308
32,307
32,306
32,305
32,304
4294967278,217
4294967279,315
32,303
32,302
32,288
32,273
32,272
32,271
32,270
32,269
4294967279,314
32,268
32,312
4294967293,131
4294967293,130
4294967293,129
4294967293,128
4294967293,127
4294967293,126
4294967293,125
4294967293,124
4294967293,123
4294967293,122
4294967293,121
4294967293,120
4294967293,119
4294967293,118
4294967293,117
4294967293,116
4294967293,115
4294967293,114
4294967293,113
4294967293,112
4294967293,111
4294967293,110
4294967293,109
4294967293,108
4294967293,107
4294967293,106
4294967293,105
4294967293,104
4294967293,103
4294967293,102
4294967293,101
4294967293,100
4294967293,99
4294967293,98
4294967293,97
4294967293,96
4294967293,95
4294967293,94
4294967293,93
4294967293,92
4294967293,91
4294967293,90
4294967293,89
4294967293,88
4294967293,87
4294967293,86
4294967293,85
4294967293,84
4294967293,83
4294967293,82
4294967293,81
4294967293,80
4294967293,79
4294967293,78
4294967293,77
4294967293,76
4294967293,75
4294967293,74
4294967293,73
4294967293,72
4294967293,71
4294967293,70
4294967293,69
4294967293,68
4294967293,67
4294967293,66
4294967293,65
4294967293,64
4294967293,63
4294967293,62
4294967293,61
4294967293,60
4294967293,59
4294967293,58
4294967293,57
4294967293,56
4294967293,55
4294967293,54
4294967293,53
4294967293,52
4294967293,51
4294967293,50
4294967293,49
4294967293,48
4294967293,47
4294967293,46
4294967293,45
4294967293,44
4294967293,43
4294967293,42
4294967293,41
4294967293,40
4294967293,39
4294967293,38
4294967293,37
4294967293,36
4294967293,35
4294967293,34
4294967293,33
4294967293,32
4294967293,31
4294967293,30
4294967293,29
4294967293,28
4294967293,27
4294967293,26
4294967293,25
4294967293,24
4294967293,23
4294967293,22
4294967293,21
4294967293,20
4294967293,19
4294967293,18
4294967293,17
4294967293,16
4294967293,15
4294967293,14
4294967293,13
4294967293,12
4294967293,11
4294967293,10
4294967293,9
4294967293,8
4294967293,7
4294967293,6
4294967293,5
4294967293,4
4294967293,3
4294967293,2
4243767290,0
4243767289,0
4243767288,0
4243767287,0
4243767286,0
4243767285,0
4243767284,0
4243767283,0
4243767282,0
4243767281,0
4294967293,0
4294967279,204
4294967279,205
4294967279,91
4294967279,519
4294967279,92
4294967279,206
4294967279,296
4294967279,207
4294967279,93
4294967279,94
4294967279,540
4294967279,323
4294967279,208
4294967279,95
4294967279,209
4294967279,96
4294967279,309
4294967279,210
4294967279,279
4294967279,211
4294967279,97
4294967279,328
4294967279,98
4294967279,212
4294967279,375
4294967279,99
4294967279,213
4294967279,362
4294967279,100
4294967279,283
4294967279,214
4294967279,333
4294967279,101
4294967279,102
4294967279,524
4294967279,216
4294967279,526
4294967279,103
4294967279,218
4294967279,104
4294967279,363
4294967279,559
4294967279,220
4294967279,105
4294967279,222
4294967279,334
4294967279,106
4294967279,535
4294967279,224
4294967279,226
4294967279,107
4294967279,108
4294967279,563
4294967279,275
4294967279,228
4294967279,230
4294967279,109
4294967279,527
4294967279,110
4294967279,232
4294967279,351
4294967279,234
4294967279,111
4294967279,112
4294967279,382
4294967279,236
4294967279,380
4294967279,237
4294967279,113
4294967279,556
4294967279,114
4294967279,528
4294967279,238
4294967279,240
4294967279,115
4294967279,116
4294967279,257
4294967279,547
4294967279,244
4294967279,242
4294967279,117
4294967279,118
4294967279,352
4294967279,281
4294967279,248
4294967279,246
4294967279,119
4294967279,120
4294967279,574
4294967279,353
4294967279,249
4294967279,250
4294967279,121
4294967279,122
4294967279,324
4294967279,251
4294967279,345
4294967279,284
4294967279,123
4294967279,513
4294967279,124
4294967279,252
4294967279,310
4294967279,285
4294967279,125
4294967279,126
4294967279,286
4294967279,364
4294967279,297
4294967279,127
4294967279,287
4294967279,128
4294967279,301
4294967279,288
4294967279,289
4294967279,129
4294967279,298
4294967279,130
4294967279,335
4294967279,290
4294967279,564
4294967279,131
4294967279,255
4294967278,287
4294967279,132
4294967278,286
4294967278,257
4294967278,4
4294967278,562
4294967278,258
4294967278,5
4294967278,259
4294967278,6
4294967278,261
4294967278,7
4294967278,280
4294967278,515
4294967278,262
4294967278,8
4294967278,530
4294967278,263
4294967278,9
4294967278,279
4294967278,10
4294967278,320
4294967278,555
4294967278,264
4294967278,11
4294967278,265
4294967278,12
4294967278,365
4294967278,364
4294967278,266
4294967278,13
4294967278,524
4294967278,267
4294967278,14
4294967278,377
4294967278,269
4294967278,268
4294967278,15
4294967278,521
4294967278,16
4294967278,270
4294967278,273
4294967278,17
4294967278,366
4294967278,329
4294967278,18
4294967278,298
4294967278,299
4294967278,314
4294967278,19
4294967278,20
4294967278,542
4294967278,531
4294967278,133
4294967278,21
4294967278,134
4294967278,22
4294967278,135
4294967278,276
4294967278,23
4294967278,313
4294967278,136
4294967278,300
4294967278,24
4294967278,25
4294967278,547
4294967278,532
4294967278,138
4294967278,139
4294967278,26
4294967278,318
4294967278,27
4294967278,141
4294967278,140
4294967278,28
4294967278,29
4294967278,283
4294967278,284
4294967278,142
4294967278,143
4294967278,30
4294967278,31
4294967278,316
4294967278,144
4294967278,349
4294967278,32
4294967278,145
4294967278,569
4294967278,33
4294967278,146
4294967278,352
4294967278,147
4294967278,34
4294967278,35
4294967278,357
4294967278,308
4294967278,148
4294967278,149
4294967278,36
4294967278,37
4294967278,525
4294967278,534
4294967278,150
4294967278,38
4294967278,151
4294967278,560
4294967278,39
4294967278,152
4294967278,342
4294967278,153
4294967278,40
4294967278,41
4294967278,330
4294967278,344
4294967278,154
4294967278,155
4294967278,42
4294967278,378
4294967278,43
4294967278,156
4294967278,319
4294967278,44
4294967278,157
4294967278,45
4294967278,309
4294967278,563
4294967278,158
4294967278,159
4294967278,46
4294967278,47
4294967278,545
4294967278,339
4294967278,160
4294967278,161
4294967278,48
4294967278,345
4294967278,49
4294967278,350
4294967278,162
4294967278,163
4294967278,50
4294967278,51
4294967278,215
4294967278,369
4294967278,164
4294967278,165
4294967278,52
4294967278,53
4294967278,381
4294967278,573
4294967278,167
4294967278,166
4294967278,54
4294967278,55
4294967278,358
4294967278,382
4294967278,169
4294967278,168
4294967278,56
4294967278,57
4294967278,302
4294967278,519
4294967278,170
4294967278,171
4294967278,58
4294967278,59
4294967278,303
4294967278,317
4294967278,173
4294967278,172
4294967278,60
4294967278,61
4294967278,304
4294967278,285
4294967278,175
4294967278,176
4294967278,62
4294967278,63
4294967278,565
4294967278,362
4294967278,177
4294967279,372
4294967279,90
4294967279,89
4294967279,203
4294967279,202
4294967279,349
4294967279,86
4294967279,200
4294967279,555
4294967279,85
4294967279,84
4294967279,198
4294967279,322
4294967279,83
4294967279,82
4294967279,196
4294967279,81
4294967279,570
4294967279,195
4294967279,359
4294967279,278
4294967279,193
4294967279,78
4294967279,192
4294967279,272
4294967279,191
4294967279,379
4294967279,190
4294967279,189
4294967279,313
4294967279,554
4294967279,553
4294967279,73
4294967279,187
4294967279,562
4294967279,566
4294967279,185
4294967279,70
4294967279,348
4294967279,69
4294967279,183
4294967279,68
4294967279,374
4294967279,67
4294967279,66
4294967279,180
4294967279,332
4294967279,65
4294967279,179
4294967279,178
4294967279,277
4294967279,177
4294967279,176
4294967279,61
4294967279,327
4294967279,60
4294967279,538
4294967279,59
4294967279,271
4294967279,172
4294967279,546
4294967279,569
4294967279,56
4294967279,170
4294967279,169
4294967279,55
4294967279,54
4294967279,331
4294967279,167
4294967279,53
4294967279,166
4294967279,165
4294967279,51
4294967279,306
4294967279,50
4294967279,266
4294967279,163
4294967279,378
4294967279,531
4294967279,47
4294967279,160
4294967279,312
4294967279,530
4294967279,45
4294967279,159
4294967279,329
4294967279,44
4294967279,43
4294967279,155
4294967279,42
4294967279,343
4294967279,154
4294967279,153
4294967279,40
4294967279,152
4294967279,39
4294967279,151
4294967279,299
4294967279,150
4294967279,37
4294967279,560
4294967279,36
4294967279,35
4294967279,147
4294967279,340
4294967279,34
4294967279,33
4294967279,145
4294967279,32
4294967279,350
4294967279,31
4294967279,143
4294967279,307
4294967279,29
4294967279,142
4294967279,381
4294967279,28
4294967279,27
4294967279,26
4294967279,139
4294967279,383
4294967279,25
4294967279,137
4294967279,347
4294967279,23
4294967279,135
4294967279,337
4294967279,22
4294967279,133
4294967279,264
4294967279,20
4294967279,19
4294967279,572
4294967279,295
4294967279,18
4294967279,17
4294967279,270
4294967279,302
4294967279,16
4294967279,268
4294967279,269
4294967279,282
4294967279,267
4294967279,320
4294967279,325
4294967279,293
4294967279,265
4294967279,305
4294967279,544
4294967279,263
4294967279,292
4294967294,418
4294967294,396
4294967294,904
4294967294,36
4294967294,38
4294967294,39
4294967294,41
4294967294,42
4294967294,424
4294967294,115
4294967294,44
4294967294,389
4294967294,45
4294967294,393
4294967294,47
4294967294,48
4294967294,51
4294967294,388
4294967294,416
4294967294,52
4294967294,73
4294967294,75
4294967294,76
4294967294,78
4294967294,79
4294967294,82
4294967294,182
4294967294,907
4294967294,961
4294967294,161
4294967294,1413
4294967294,85
4294967294,86
4294967294,88
4294967294,90
4294967294,92
4294967294,97
4294967294,99
4294967294,101
4294967294,102
4294967294,104
4294967294,105
4294967294,107
4294967294,108
4294967294,114
4294967294,110
4294967294,111
4294967294,113
4294967294,116
4294967294,118
4294967294,394
4294967294,180
4294967294,449
4294967294,481
4294967294,419
4294967294,900
4294967294,420
4294967294,185
4294967294,905
4294967294,974
4294967294,401
4294967294,1414
4294967294,18
4294967294,126
4294967294,20
4294967294,127
4294967294,13
4294967294,421
4294967294,453
4294967294,899
4294967294,148
4294967294,149
4294967294,968
4294967294,969
4294967294,190
4294967294,163
4294967294,164
4294967294,971
4294967294,469
4294967294,171
4294967294,172
4294967294,175
4294967294,970
4294967294,973
4294967294,177
4294967294,181
4294967294,188
4294967294,58
4294967294,8
32,136
32,137
32,142
32,143
32,145
32,146
32,148
32,150
32,151
32,153
32,154
32,157
32,158
32,160
32,162
32,163
32,165
32,166
32,168
32,170
32,171
32,173
32,174
32,176
32,177
32,179
32,181
32,182
32,184
32,185
32,187
32,189
32,190
32,194
32,195
32,197
32,208
32,209
32,211
32,212
32,214
32,215
32,217
32,220
33,49
33,50
33,832
33,837
33,838
33,843
33,844
33,846
33,847
33,2100
33,2114
33,2115
33,2117
33,2118
33,2120
33,2122
33,2123
33,2125
33,2126
33,2128
33,2129
33,2131
33,2133
33,2134
33,2136
33,2137
33,2139
33,2141
33,2142
33,2144
33,2145
33,2147
33,2148
33,2150
33,2152
33,2153
33,2155
33,2156
33,2158
33,2160
33,2161
33,2163
33,2164
33,2166
33,2168
33,2169
33,2171
33,2172
33,2174
33,2175
33,2178
33,2180
33,2181
33,2183
33,2184
33,2186
33,2188
33,2189
33,2191
33,2192
33,2194
33,2195
33,2197
33,2199
33,2200
33,2202
33,2203
33,2205
33,2207
33,2208
33,2210
33,2211
33,2213
33,2214
33,2216
33,2218
33,2219
33,2221
33,2222
33,2224
33,2226
33,2227
33,2229
33,2230
33,2232
33,2234
33,2235
33,2237
33,2238
33,2240
33,2241
33,2243
33,2245
33,2246
33,2248
33,2249
33,2251
33,2253
33,2254
33,2256
33,2257
33,2259
33,2260
33,2262
33,2264
33,2265
33,2267
33,2268
33,2270
33,2272
33,2273
33,2275
33,2276
33,2278
33,2279
33,2281
33,2283
33,2284
33,2286
33,2287
33,2289
33,2291
33,2292
33,2294
33,2295
33,2297
33,2298
33,2300
33,2302
33,2303
33,2305
33,2306
33,2308
33,2310
33,2311
33,2313
33,2314
33,2316
33,2318
33,2319
33,2321
33,2322
33,2324
33,2325
33,2327
33,2329
33,2330
33,2332
33,2333
33,2335
33,2337
33,2338
33,2340
33,2341
33,2343
33,2344
33,2346
33,2348
33,2349
33,2351
33,2352
33,2354
33,2356
33,2357
33,2359
33,2360
33,2362
33,2363
33,2365
33,2367
33,2368
33,2370
33,2371
33,2373
33,2375
33,2376
33,2378
33,2379
33,2381
33,2383
33,2384
33,2386
33,2387
33,2389
33,2390
33,2392
33,2394
33,2395
33,2397
33,2398
33,2400
33,2402
33,2403
33,2405
33,2406
33,2408
33,2409
33,2411
33,2413
33,2414
33,2416
33,2417
33,2419
33,2421
33,2422
33,2424
33,2425
33,2427
33,2428
33,2430
33,2432
33,2433
33,2435
33,2436
33,2438
33,2440
33,2441
33,2443
33,2444
33,2446
33,2448
33,2449
33,2451
33,2452
33,2454
33,2455
33,2457
33,2459
33,2460
33,2462
33,2463
33,2465
33,2467
33,2468
33,2470
33,2471
33,2473
33,2474
33,2476
33,2478
33,2479
33,2481
33,2482
33,2484
33,2486
33,2487
33,2489
33,2490
33,2492
33,2493
34,46
34,48
34,52
34,54
34,55
34,241
34,243
34,244
34,246
34,247
34,249
34,250
34,252
34,254
34,255
34,257
34,258
34,260
34,263
34,264
34,266
34,267
34,269
34,271
34,272
34,274
34,275
34,277
34,278
34,280
34,282
34,283
34,285
34,286
34,288
34,290
34,291
34,293
34,294
34,296
34,297
34,299
34,301
34,302
34,304
34,305
34,307
34,309
34,310
34,312
34,313
34,315
34,316
34,318
34,320
34,321
34,323
34,324
34,326
34,328
34,329
34,331
34,332
34,334
34,336
34,337
34,339
34,341
34,343
34,344
34,346
34,348
34,349
34,351
34,352
34,354
34,356
34,357
34,359
34,360
34,362
34,363
34,365
34,367
34,368
34,370
34,371
34,373
34,375
34,376
34,378
34,379
34,381
34,382
34,386
34,388
34,389
34,391
34,392
34,394
34,396
34,397
